Different Ct calculated with optimalprop
Ct real        Ct confr       Ct prop1       Ct prop2 
0.0009043      0.0013260      0.0008252      0.0009640
0.0072734      0.0094637      0.0054180      0.0045429
0.0247512      0.0249043      0.0140078      0.0090445
0.0592727      0.0439962      0.0249331      0.0134647
0.1170596      0.0642315      0.0368152      0.0174275
0.2044887      0.0845842      0.0489288      0.0205265
0.3278528      0.1047221      0.0609381      0.0219532
0.4930604      0.1245681      0.0726705      0.0197808
0.7053310      0.1441247      0.0839898      0.0000000
0.9689362      0.1634002      0.0947232      
1.2870211      0.1823567      0.1046003      
1.6615208      0.2008221      0.1131831      
2.0931698      0.2182715      0.1197629      
2.5815871      0.2332594      0.1231991      
3.1254179      0.2419664      0.1216340      
3.7225050      0.2346484      0.1118740      
4.3700732      0.1872804      0.0873221      
5.0649068      0.0000000      0.0000000      
5.8035126                                    
6.5822598                              